 0.00000  5.527404e+12  3.014393e+14
 0.00006  6.861451e+12  3.026171e+14
 0.00013  8.591864e+12  3.048949e+14
 0.00019  1.031338e+13  3.065408e+14
 0.00025  1.206616e+13  3.075271e+14
 0.00031  1.385205e+13  3.096082e+14
 0.00038  1.575318e+13  3.125638e+14
 0.00044  1.774243e+13  3.147351e+14
 0.00050  1.983892e+13  3.161633e+14
 0.00056  2.200404e+13  3.185255e+14
 0.00063  2.421437e+13  3.203762e+14
 0.00069  2.653947e+13  3.228117e+14
 0.00075  2.900548e+13  3.249767e+14
 0.00081  3.151706e+13  3.275822e+14
 0.00088  3.409901e+13  3.297303e+14
 0.00094  3.670919e+13  3.323107e+14
 0.00100  3.940932e+13  3.349086e+14
 0.00107  4.227186e+13  3.379258e+14
 0.00113  4.510793e+13  3.397189e+14
 0.00119  4.789082e+13  3.422305e+14
 0.00125  5.074274e+13  3.443328e+14
 0.00132  5.373078e+13  3.456954e+14
 0.00138  5.674357e+13  3.489290e+14
 0.00144  5.976503e+13  3.517803e+14
 0.00150  6.285270e+13  3.539642e+14
 0.00157  6.592845e+13  3.563370e+14
 0.00163  6.906142e+13  3.602036e+14
 0.00169  7.217698e+13  3.634972e+14
 0.00175  7.536188e+13  3.647763e+14
 0.00182  7.866489e+13  3.687179e+14
 0.00188  8.200728e+13  3.719716e+14
 0.00194  8.530574e+13  3.753586e+14
 0.00201  8.855851e+13  3.782287e+14
 0.00207  9.177645e+13  3.812214e+14
 0.00213  9.527230e+13  3.836143e+14
 0.00219  9.882997e+13  3.866483e+14
 0.00226  1.024073e+14  3.902230e+14
 0.00232  1.059930e+14  3.941400e+14
 0.00238  1.095721e+14  3.979857e+14
 0.00244  1.132690e+14  4.020616e+14
 0.00251  1.170046e+14  4.059065e+14
 0.00257  1.208063e+14  4.092921e+14
 0.00263  1.247633e+14  4.125070e+14
 0.00269  1.287548e+14  4.163959e+14
 0.00276  1.328859e+14  4.215599e+14
 0.00282  1.370705e+14  4.268216e+14
 0.00288  1.414475e+14  4.319344e+14
 0.00294  1.458092e+14  4.355086e+14
 0.00301  1.503576e+14  4.408727e+14
 0.00307  1.550642e+14  4.459910e+14
 0.00313  1.599015e+14  4.522587e+14
 0.00320  1.646909e+14  4.562394e+14
 0.00326  1.695984e+14  4.613904e+14
 0.00332  1.748315e+14  4.664816e+14
 0.00338  1.802669e+14  4.718175e+14
 0.00345  1.857447e+14  4.774184e+14
 0.00351  1.914499e+14  4.837745e+14
 0.00357  1.974662e+14  4.897872e+14
 0.00363  2.036770e+14  4.953197e+14
 0.00370  2.099917e+14  5.026681e+14
 0.00376  2.165975e+14  5.101587e+14
 0.00382  2.236818e+14  5.180367e+14
 0.00388  2.309401e+14  5.259445e+14
 0.00395  2.383888e+14  5.339966e+14
 0.00401  2.462504e+14  5.414078e+14
 0.00407  2.544670e+14  5.510323e+14
 0.00414  2.630111e+14  5.607542e+14
 0.00420  2.720068e+14  5.689469e+14
 0.00426  2.813357e+14  5.788658e+14
 0.00432  2.911617e+14  5.877334e+14
 0.00439  3.018224e+14  5.989999e+14
 0.00445  3.129298e+14  6.101946e+14
 0.00451  3.247985e+14  6.223330e+14
 0.00457  3.373981e+14  6.348960e+14
 0.00464  3.506777e+14  6.485267e+14
 0.00470  3.647779e+14  6.645872e+14
 0.00476  3.796049e+14  6.799746e+14
 0.00482  3.954932e+14  6.959593e+14
 0.00489  4.126412e+14  7.136210e+14
 0.00495  4.309058e+14  7.305390e+14
 0.00501  4.509694e+14  7.507516e+14
 0.00508  4.726950e+14  7.725487e+14
 0.00514  4.960664e+14  7.966714e+14
 0.00520  5.215205e+14  8.196615e+14
 0.00526  5.494672e+14  8.469216e+14
 0.00533  5.803113e+14  8.753003e+14
 0.00539  6.138983e+14  9.059521e+14
 0.00545  6.509547e+14  9.400364e+14
 0.00551  6.915064e+14  9.770641e+14
 0.00558  7.360938e+14  1.017019e+15
 0.00564  7.851438e+14  1.061763e+15
 0.00570  8.385564e+14  1.108281e+15
 0.00576  8.971872e+14  1.163824e+15
 0.00583  9.622098e+14  1.221321e+15
 0.00589  1.033903e+15  1.281376e+15
 0.00595  1.112441e+15  1.353651e+15
 0.00602  1.199706e+15  1.433524e+15
 0.00608  1.296472e+15  1.520338e+15
 0.00614  1.403806e+15  1.613490e+15
 0.00620  1.522462e+15  1.721187e+15
 0.00627  1.651462e+15  1.835687e+15
 0.00633  1.789376e+15  1.951821e+15
 0.00639  1.933536e+15  2.072232e+15
 0.00645  2.080710e+15  2.193824e+15
 0.00652  2.228620e+15  2.329829e+15
 0.00658  2.374543e+15  2.466813e+15
 0.00664  2.516616e+15  2.585903e+15
 0.00670  2.653925e+15  2.712018e+15
 0.00677  2.787050e+15  2.842480e+15
 0.00683  2.917177e+15  2.957037e+15
 0.00689  3.044130e+15  3.081256e+15
 0.00695  3.167520e+15  3.202905e+15
 0.00702  3.286969e+15  3.317936e+15
 0.00708  3.402836e+15  3.430573e+15
 0.00714  3.514706e+15  3.537700e+15
 0.00721  3.623206e+15  3.643256e+15
 0.00727  3.729074e+15  3.744713e+15
 0.00733  3.833002e+15  3.849844e+15
 0.00739  3.934364e+15  3.950437e+15
 0.00746  4.032277e+15  4.051981e+15
 0.00752  4.128357e+15  4.131779e+15
 0.00758  4.222449e+15  4.239883e+15
 0.00764  4.313870e+15  4.320918e+15
 0.00771  4.402708e+15  4.416171e+15
 0.00777  4.489961e+15  4.492859e+15
 0.00783  4.576069e+15  4.583062e+15
 0.00789  4.660825e+15  4.673196e+15
 0.00796  4.743460e+15  4.748649e+15
 0.00802  4.824523e+15  4.831282e+15
 0.00808  4.904786e+15  4.912263e+15
 0.00815  4.981112e+15  4.990486e+15
 0.00821  5.055754e+15  5.062697e+15
 0.00827  5.129018e+15  5.126500e+15
 0.00833  5.202024e+15  5.208655e+15
 0.00840  5.274253e+15  5.280158e+15
 0.00846  5.344660e+15  5.351862e+15
 0.00852  5.411572e+15  5.415909e+15
 0.00858  5.477439e+15  5.481774e+15
 0.00865  5.542147e+15  5.546484e+15
 0.00871  5.606749e+15  5.604493e+15
 0.00877  5.670145e+15  5.680758e+15
 0.00883  5.731259e+15  5.736489e+15
 0.00890  5.790566e+15  5.786705e+15
 0.00896  5.849322e+15  5.861202e+15
 0.00902  5.905569e+15  5.905646e+15
 0.00909  5.960982e+15  5.959513e+15
 0.00915  6.016761e+15  6.023857e+15
 0.00921  6.070087e+15  6.074009e+15
 0.00927  6.121915e+15  6.120069e+15
 0.00934  6.174521e+15  6.180982e+15
 0.00940  6.224518e+15  6.225862e+15
 0.00946  6.272729e+15  6.276111e+15
 0.00952  6.320021e+15  6.320122e+15
 0.00959  6.367657e+15  6.370729e+15
 0.00965  6.415410e+15  6.409946e+15
 0.00971  6.462686e+15  6.479203e+15
 0.00977  6.504828e+15  6.502351e+15
 0.00984  6.546506e+15  6.541554e+15
 0.00990  6.588260e+15  6.601486e+15
 0.00996  6.627941e+15  6.621069e+15
 0.01003  6.666419e+15  6.673150e+15
 0.01009  6.703997e+15  6.708496e+15
 0.01015  6.741128e+15  6.730037e+15
 0.01021  6.779182e+15  6.792159e+15
 0.01028  6.814721e+15  6.813559e+15
 0.01034  6.848164e+15  6.850666e+15
 0.01040  6.880218e+15  6.884619e+15
 0.01046  6.911237e+15  6.908757e+15
 0.01053  6.941564e+15  6.949701e+15
 0.01059  6.971308e+15  6.961610e+15
 0.01065  7.000760e+15  7.007951e+15
 0.01071  7.029100e+15  7.032553e+15
 0.01078  7.054921e+15  7.055819e+15
 0.01084  7.081299e+15  7.077634e+15
 0.01090  7.108166e+15  7.116373e+15
 0.01096  7.133252e+15  7.131202e+15
 0.01103  7.153989e+15  7.159614e+15
 0.01109  7.174583e+15  7.170416e+15
 0.01115  7.197143e+15  7.198812e+15
 0.01122  7.218511e+15  7.220076e+15
 0.01128  7.238378e+15  7.241504e+15
 0.01134  7.258033e+15  7.258471e+15
 0.01140  7.274499e+15  7.280298e+15
 0.01147  7.289535e+15  7.285674e+15
 0.01153  7.304322e+15  7.305370e+15
 0.01159  7.318936e+15  7.322021e+15
 0.01165  7.332618e+15  7.333765e+15
 0.01172  7.344770e+15  7.348107e+15
 0.01178  7.356325e+15  7.354403e+15
 0.01184  7.367649e+15  7.369300e+15
 0.01190  7.377409e+15  7.383793e+15
 0.01197  7.384597e+15  7.378365e+15
 0.01203  7.392620e+15  7.395797e+15
 0.01209  7.400474e+15  7.403633e+15
 0.01216  7.405707e+15  7.406455e+15
 0.01222  7.410478e+15  7.409769e+15
 0.01228  7.413895e+15  7.420853e+15
 0.01234  7.416358e+15  7.409564e+15
 0.01241  7.418906e+15  7.427376e+15
 0.01247  7.419662e+15  7.419430e+15
 0.01253  7.420061e+15  7.415172e+15
 0.01259  7.419217e+15  7.428405e+15
 0.01266  7.416473e+15  7.413010e+15
 0.01272  7.412954e+15  7.415572e+15
 0.01278  7.408243e+15  7.411079e+15
 0.01284  7.402676e+15  7.401690e+15
 0.01291  7.396851e+15  7.395649e+15
 0.01297  7.391966e+15  7.394178e+15
 0.01303  7.385522e+15  7.394523e+15
 0.01310  7.376642e+15  7.369893e+15
 0.01316  7.366335e+15  7.371053e+15
 0.01322  7.356424e+15  7.355030e+15
 0.01328  7.345585e+15  7.351648e+15
 0.01335  7.332477e+15  7.328662e+15
 0.01341  7.318414e+15  7.320921e+15
 0.01347  7.305697e+15  7.306902e+15
 0.01353  7.289959e+15  7.295800e+15
 0.01360  7.273241e+15  7.264852e+15
 0.01366  7.256966e+15  7.265503e+15
 0.01372  7.237503e+15  7.240070e+15
 0.01378  7.218243e+15  7.215020e+15
 0.01385  7.199132e+15  7.203077e+15
 0.01391  7.178752e+15  7.179506e+15
 0.01397  7.156255e+15  7.156617e+15
 0.01404  7.132296e+15  7.143284e+15
 0.01410  7.107287e+15  7.094846e+15
 0.01416  7.083098e+15  7.092575e+15
 0.01422  7.057709e+15  7.056398e+15
 0.01429  7.029399e+15  7.035600e+15
 0.01435  6.999647e+15  6.997531e+15
 0.01441  6.968161e+15  6.968979e+15
 0.01447  6.938205e+15  6.940535e+15
 0.01454  6.907325e+15  6.907939e+15
 0.01460  6.875772e+15  6.876938e+15
 0.01466  6.843823e+15  6.845789e+15
 0.01472  6.810897e+15  6.811324e+15
 0.01479  6.775894e+15  6.785354e+15
 0.01485  6.737665e+15  6.733768e+15
 0.01491  6.699202e+15  6.701969e+15
 0.01497  6.660905e+15  6.661361e+15
 0.01504  6.622177e+15  6.625564e+15
 0.01510  6.581868e+15  6.583142e+15
 0.01516  6.540997e+15  6.543002e+15
 0.01523  6.498730e+15  6.501904e+15
 0.01529  6.454174e+15  6.457005e+15
 0.01535  6.408194e+15  6.410567e+15
 0.01541  6.361041e+15  6.364517e+15
 0.01548  6.312980e+15  6.314662e+15
 0.01554  6.263520e+15  6.264144e+15
 0.01560  6.212827e+15  6.219795e+15
 0.01566  6.161840e+15  6.158669e+15
 0.01573  6.109314e+15  6.118946e+15
 0.01579  6.055501e+15  6.052494e+15
 0.01585  6.000806e+15  6.006877e+15
 0.01591  5.945973e+15  5.941946e+15
 0.01598  5.890458e+15  5.897644e+15
 0.01604  5.833395e+15  5.838566e+15
 0.01610  5.774776e+15  5.776480e+15
 0.01617  5.714691e+15  5.716680e+15
 0.01623  5.654194e+15  5.660259e+15
 0.01629  5.591937e+15  5.596068e+15
 0.01635  5.527935e+15  5.528716e+15
 0.01642  5.463030e+15  5.472720e+15
 0.01648  5.396555e+15  5.399037e+15
 0.01654  5.329086e+15  5.331659e+15
 0.01660  5.259816e+15  5.269871e+15
 0.01667  5.187193e+15  5.189415e+15
 0.01673  5.115226e+15  5.118206e+15
 0.01679  5.042001e+15  5.047254e+15
 0.01685  4.968017e+15  4.975888e+15
 0.01692  4.890987e+15  4.899522e+15
 0.01698  4.811998e+15  4.818596e+15
 0.01704  4.730956e+15  4.740056e+15
 0.01711  4.646918e+15  4.656509e+15
 0.01717  4.562516e+15  4.563578e+15
 0.01723  4.476537e+15  4.490207e+15
 0.01729  4.387667e+15  4.399414e+15
 0.01736  4.296781e+15  4.306278e+15
 0.01742  4.204249e+15  4.215449e+15
 0.01748  4.109979e+15  4.115477e+15
 0.01754  4.013961e+15  4.033076e+15
 0.01761  3.914740e+15  3.931796e+15
 0.01767  3.812977e+15  3.832208e+15
 0.01773  3.707808e+15  3.726087e+15
 0.01779  3.600334e+15  3.614217e+15
 0.01786  3.491758e+15  3.511307e+15
 0.01792  3.381246e+15  3.407851e+15
 0.01798  3.267233e+15  3.300814e+15
 0.01805  3.148932e+15  3.183584e+15
 0.01811  3.026664e+15  3.060964e+15
 0.01817  2.901295e+15  2.946943e+15
 0.01823  2.772267e+15  2.826750e+15
 0.01830  2.638420e+15  2.700798e+15
 0.01836  2.500572e+15  2.575388e+15
 0.01842  2.358541e+15  2.441039e+15
 0.01848  2.213840e+15  2.312995e+15
 0.01855  2.067066e+15  2.188472e+15
 0.01861  1.920813e+15  2.062723e+15
 0.01867  1.777635e+15  1.937619e+15
 0.01873  1.640740e+15  1.818455e+15
 0.01880  1.512974e+15  1.712243e+15
 0.01886  1.395937e+15  1.608130e+15
 0.01892  1.289735e+15  1.512625e+15
 0.01898  1.193632e+15  1.427523e+15
 0.01905  1.107182e+15  1.347236e+15
 0.01911  1.029282e+15  1.278571e+15
 0.01917  9.586895e+14  1.216117e+15
 0.01924  8.942732e+14  1.158558e+15
 0.01930  8.356838e+14  1.104274e+15
 0.01936  7.825553e+14  1.058439e+15
 0.01942  7.341445e+14  1.014118e+15
 0.01949  6.900800e+14  9.734429e+14
 0.01955  6.498973e+14  9.394383e+14
 0.01961  6.132864e+14  9.073329e+14
 0.01967  5.795995e+14  8.756827e+14
 0.01974  5.491836e+14  8.466730e+14
 0.01980  5.214591e+14  8.204902e+14
 0.01986  4.960838e+14  7.962736e+14
 0.01992  4.728052e+14  7.743714e+14
 0.01999  4.512430e+14  7.533713e+14
 0.02005  4.312955e+14  7.336244e+14
 0.02011  4.127840e+14  7.140310e+14
 0.02018  3.956169e+14  6.960728e+14
 0.02024  3.796402e+14  6.818541e+14
 0.02030  3.644702e+14  6.662655e+14
 0.02036  3.503125e+14  6.506845e+14
 0.02043  3.371413e+14  6.367745e+14
 0.02049  3.246696e+14  6.232267e+14
 0.02055  3.130232e+14  6.093860e+14
 0.02061  3.017717e+14  5.974392e+14
 0.02068  2.911671e+14  5.875955e+14
 0.02074  2.811434e+14  5.776153e+14
 0.02080  2.716161e+14  5.680990e+14
 0.02086  2.625348e+14  5.592108e+14
 0.02093  2.539011e+14  5.502127e+14
 0.02099  2.457655e+14  5.412285e+14
 0.02105  2.379053e+14  5.328290e+14
 0.02112  2.303614e+14  5.248477e+14
 0.02118  2.230051e+14  5.171083e+14
 0.02124  2.161392e+14  5.084378e+14
 0.02130  2.095064e+14  5.016579e+14
 0.02137  2.030364e+14  4.957111e+14
 0.02143  1.969554e+14  4.889507e+14
 0.02149  1.909664e+14  4.831118e+14
 0.02155  1.852345e+14  4.762745e+14
 0.02162  1.798221e+14  4.713871e+14
 0.02168  1.745260e+14  4.656000e+14
 0.02174  1.692526e+14  4.598914e+14
 0.02180  1.641932e+14  4.543760e+14
 0.02187  1.594116e+14  4.488378e+14
 0.02193  1.546229e+14  4.451074e+14
 0.02199  1.499592e+14  4.400346e+14
 0.02206  1.455320e+14  4.341692e+14
 0.02212  1.411328e+14  4.296004e+14
 0.02218  1.368897e+14  4.246455e+14
 0.02224  1.327444e+14  4.200950e+14
 0.02231  1.286007e+14  4.166474e+14
 0.02237  1.246110e+14  4.132621e+14
 0.02243  1.207196e+14  4.092599e+14
 0.02249  1.168741e+14  4.060654e+14
 0.02256  1.131183e+14  4.028668e+14
 0.02262  1.094448e+14  3.986514e+14
 0.02268  1.057548e+14  3.944140e+14
 0.02274  1.021889e+14  3.908385e+14
 0.02281  9.870084e+13  3.875376e+14
 0.02287  9.530464e+13  3.843252e+14
 0.02293  9.182239e+13  3.799803e+14
 0.02299  8.844534e+13  3.764610e+14
 0.02306  8.508675e+13  3.728898e+14
 0.02312  8.194005e+13  3.705031e+14
 0.02318  7.866419e+13  3.677533e+14
 0.02325  7.541947e+13  3.651114e+14
 0.02331  7.224092e+13  3.621970e+14
 0.02337  6.902308e+13  3.600066e+14
 0.02343  6.589814e+13  3.562617e+14
 0.02350  6.277609e+13  3.535523e+14
 0.02356  5.974865e+13  3.514909e+14
 0.02362  5.679531e+13  3.483292e+14
 0.02368  5.379993e+13  3.462217e+14
 0.02375  5.080899e+13  3.435757e+14
 0.02381  4.795811e+13  3.406170e+14
 0.02387  4.510244e+13  3.387612e+14
 0.02393  4.228123e+13  3.367773e+14
 0.02400  3.950340e+13  3.345911e+14
 0.02406  3.684562e+13  3.319176e+14
 0.02412  3.419072e+13  3.294152e+14
 0.02419  3.163386e+13  3.275060e+14
 0.02425  2.916778e+13  3.249688e+14
 0.02431  2.670649e+13  3.221198e+14
 0.02437  2.433590e+13  3.202181e+14
 0.02444  2.208014e+13  3.182216e+14
 0.02450  1.992558e+13  3.165439e+14
 0.02456  1.782200e+13  3.147415e+14
 0.02462  1.583173e+13  3.124764e+14
 0.02469  1.397345e+13  3.100989e+14
 0.02475  1.215262e+13  3.083687e+14
 0.02481  1.035792e+13  3.065207e+14
 0.02487  8.656557e+12  3.046435e+14
 0.02494  6.894353e+12  3.029558e+14
 0.02500  5.544742e+12  3.008257e+14
